Visual Leak Detector Version 2.5.1 installed.
WARNING: Visual Leak Detector detected memory leaks!
---------- Block 621 at 0x0000000000283C30: 136 bytes ----------
  Leak Hash: 0x8626E19D, Count: 1, Total 136 bytes
  Call Stack (TID 9420):
  Data:
    05 00 00 00    01 00 00 00    00 CD CD CD    CD CD CD CD     ........ ........
    CD CD CD CD    CD CD CD CD    CD CD CD CD    CD CD CD CD     ........ ........
    CD CD CD CD    CD CD CD CD    CD CD CD CD    CD CD CD CD     ........ ........
    CD CD CD CD    CD CD CD CD    CD CD CD CD    CD CD CD CD     ........ ........
    CD CD CD CD    CD CD CD CD    CD CD CD CD    CD CD CD CD     ........ ........
    CD CD CD CD    CD CD CD CD    CD CD CD CD    CD CD CD CD     ........ ........
    CD CD CD CD    CD CD CD CD    CD CD CD CD    CD CD CD CD     ........ ........
    CD CD CD CD    CD CD CD CD    CD CD CD CD    CD CD CD CD     ........ ........
    CD CD CD CD    CD CD CD CD                                   ........ ........


---------- Block 752 at 0x00000000055C9EA0: 1024000 bytes ----------
  Leak Hash: 0xF621F388, Count: 1, Total 1024000 bytes
  Call Stack (TID 10156):
  Data:
    00 00 00 00    00 00 00 00    00 00 00 00    00 00 00 00     ........ ........
    00 00 00 00    00 00 00 00    00 00 00 00    00 00 00 00     ........ ........
    00 00 00 00    00 00 00 00    00 00 00 00    00 00 00 00     ........ ........
    00 00 00 00    00 00 00 00    00 00 00 00    00 00 00 00     ........ ........
    00 00 00 00    00 00 00 00    00 00 00 00    00 00 00 00     ........ ........
    00 00 00 00    00 00 00 00    00 00 00 00    00 00 00 00     ........ ........
    00 00 00 00    00 00 00 00    00 00 00 00    00 00 00 00     ........ ........
    00 00 00 00    00 00 00 00    00 00 00 00    00 00 00 00     ........ ........
    00 00 00 00    00 00 00 00    00 00 00 00    00 00 00 00     ........ ........
    00 00 00 00    00 00 00 00    00 00 00 00    00 00 00 00     ........ ........
    00 00 00 00    00 00 00 00    00 00 00 00    00 00 00 00     ........ ........
    00 00 00 00    00 00 00 00    00 00 00 00    00 00 00 00     ........ ........
    00 00 00 00    00 00 00 00    00 00 00 00    00 00 00 00     ........ ........
    00 00 00 00    00 00 00 00    00 00 00 00    00 00 00 00     ........ ........
    00 00 00 00    00 00 00 00    00 00 00 00    00 00 00 00     ........ ........
    00 00 00 00    00 00 00 00    00 00 00 00    00 00 00 00     ........ ........


---------- Block 753 at 0x00000000056C3EE0: 512000 bytes ----------
  Leak Hash: 0xD23AD29C, Count: 1, Total 512000 bytes
  Call Stack (TID 10156):
  Data:
    00 00 00 00    00 00 00 00    00 00 00 00    00 00 00 00     ........ ........
    00 00 00 00    00 00 00 00    00 00 00 00    00 00 00 00     ........ ........
    00 00 00 00    00 00 00 00    00 00 00 00    00 00 00 00     ........ ........
    00 00 00 00    00 00 00 00    00 00 00 00    00 00 00 00     ........ ........
    00 00 00 00    00 00 00 00    00 00 00 00    00 00 00 00     ........ ........
    00 00 00 00    00 00 00 00    00 00 00 00    00 00 00 00     ........ ........
    00 00 00 00    00 00 00 00    00 00 00 00    00 00 00 00     ........ ........
    00 00 00 00    00 00 00 00    00 00 00 00    00 00 00 00     ........ ........
    00 00 00 00    00 00 00 00    00 00 00 00    00 00 00 00     ........ ........
    00 00 00 00    00 00 00 00    00 00 00 00    00 00 00 00     ........ ........
    00 00 00 00    00 00 00 00    00 00 00 00    00 00 00 00     ........ ........
    00 00 00 00    00 00 00 00    00 00 00 00    00 00 00 00     ........ ........
    00 00 00 00    00 00 00 00    00 00 00 00    00 00 00 00     ........ ........
    00 00 00 00    00 00 00 00    00 00 00 00    00 00 00 00     ........ ........
    00 00 00 00    00 00 00 00    00 00 00 00    00 00 00 00     ........ ........
    00 00 00 00    00 00 00 00    00 00 00 00    00 00 00 00     ........ ........


---------- Block 767 at 0x0000000007ACA0F0: 1024000 bytes ----------
  Leak Hash: 0xF621F388, Count: 1, Total 1024000 bytes
  Call Stack (TID 10156):
  Data:
    00 00 00 00    00 00 00 00    00 00 00 00    00 00 00 00     ........ ........
    00 00 00 00    00 00 00 00    00 00 00 00    00 00 00 00     ........ ........
    00 00 00 00    00 00 00 00    00 00 00 00    00 00 00 00     ........ ........
    00 00 00 00    00 00 00 00    00 00 00 00    00 00 00 00     ........ ........
    00 00 00 00    00 00 00 00    00 00 00 00    00 00 00 00     ........ ........
    00 00 00 00    00 00 00 00    00 00 00 00    00 00 00 00     ........ ........
    00 00 00 00    00 00 00 00    00 00 00 00    00 00 00 00     ........ ........
    00 00 00 00    00 00 00 00    00 00 00 00    00 00 00 00     ........ ........
    00 00 00 00    00 00 00 00    00 00 00 00    00 00 00 00     ........ ........
    00 00 00 00    00 00 00 00    00 00 00 00    00 00 00 00     ........ ........
    00 00 00 00    00 00 00 00    00 00 00 00    00 00 00 00     ........ ........
    00 00 00 00    00 00 00 00    00 00 00 00    00 00 00 00     ........ ........
    00 00 00 00    00 00 00 00    00 00 00 00    00 00 00 00     ........ ........
    00 00 00 00    00 00 00 00    00 00 00 00    00 00 00 00     ........ ........
    00 00 00 00    00 00 00 00    00 00 00 00    00 00 00 00     ........ ........
    00 00 00 00    00 00 00 00    00 00 00 00    00 00 00 00     ........ ........


---------- Block 768 at 0x0000000007BC4130: 512000 bytes ----------
  Leak Hash: 0xD23AD29C, Count: 1, Total 512000 bytes
  Call Stack (TID 10156):
  Data:
    00 00 00 00    00 00 00 00    00 00 00 00    00 00 00 00     ........ ........
    00 00 00 00    00 00 00 00    00 00 00 00    00 00 00 00     ........ ........
    00 00 00 00    00 00 00 00    00 00 00 00    00 00 00 00     ........ ........
    00 00 00 00    00 00 00 00    00 00 00 00    00 00 00 00     ........ ........
    00 00 00 00    00 00 00 00    00 00 00 00    00 00 00 00     ........ ........
    00 00 00 00    00 00 00 00    00 00 00 00    00 00 00 00     ........ ........
    00 00 00 00    00 00 00 00    00 00 00 00    00 00 00 00     ........ ........
    00 00 00 00    00 00 00 00    00 00 00 00    00 00 00 00     ........ ........
    00 00 00 00    00 00 00 00    00 00 00 00    00 00 00 00     ........ ........
    00 00 00 00    00 00 00 00    00 00 00 00    00 00 00 00     ........ ........
    00 00 00 00    00 00 00 00    00 00 00 00    00 00 00 00     ........ ........
    00 00 00 00    00 00 00 00    00 00 00 00    00 00 00 00     ........ ........
    00 00 00 00    00 00 00 00    00 00 00 00    00 00 00 00     ........ ........
    00 00 00 00    00 00 00 00    00 00 00 00    00 00 00 00     ........ ........
    00 00 00 00    00 00 00 00    00 00 00 00    00 00 00 00     ........ ........
    00 00 00 00    00 00 00 00    00 00 00 00    00 00 00 00     ........ ........


---------- Block 777 at 0x0000000007D3B1B0: 1024000 bytes ----------
  Leak Hash: 0xF621F388, Count: 1, Total 1024000 bytes
  Call Stack (TID 10156):
  Data:
    00 00 00 00    00 00 00 00    00 00 00 00    00 00 00 00     ........ ........
    00 00 00 00    00 00 00 00    00 00 00 00    00 00 00 00     ........ ........
    00 00 00 00    00 00 00 00    00 00 00 00    00 00 00 00     ........ ........
    00 00 00 00    00 00 00 00    00 00 00 00    00 00 00 00     ........ ........
    00 00 00 00    00 00 00 00    00 00 00 00    00 00 00 00     ........ ........
    00 00 00 00    00 00 00 00    00 00 00 00    00 00 00 00     ........ ........
    00 00 00 00    00 00 00 00    00 00 00 00    00 00 00 00     ........ ........
    00 00 00 00    00 00 00 00    00 00 00 00    00 00 00 00     ........ ........
    00 00 00 00    00 00 00 00    00 00 00 00    00 00 00 00     ........ ........
    00 00 00 00    00 00 00 00    00 00 00 00    00 00 00 00     ........ ........
    00 00 00 00    00 00 00 00    00 00 00 00    00 00 00 00     ........ ........
    00 00 00 00    00 00 00 00    00 00 00 00    00 00 00 00     ........ ........
    00 00 00 00    00 00 00 00    00 00 00 00    00 00 00 00     ........ ........
    00 00 00 00    00 00 00 00    00 00 00 00    00 00 00 00     ........ ........
    00 00 00 00    00 00 00 00    00 00 00 00    00 00 00 00     ........ ........
    00 00 00 00    00 00 00 00    00 00 00 00    00 00 00 00     ........ ........


---------- Block 778 at 0x0000000007E351F0: 512000 bytes ----------
  Leak Hash: 0xD23AD29C, Count: 1, Total 512000 bytes
  Call Stack (TID 10156):
  Data:
    00 00 00 00    00 00 00 00    00 00 00 00    00 00 00 00     ........ ........
    00 00 00 00    00 00 00 00    00 00 00 00    00 00 00 00     ........ ........
    00 00 00 00    00 00 00 00    00 00 00 00    00 00 00 00     ........ ........
    00 00 00 00    00 00 00 00    00 00 00 00    00 00 00 00     ........ ........
    00 00 00 00    00 00 00 00    00 00 00 00    00 00 00 00     ........ ........
    00 00 00 00    00 00 00 00    00 00 00 00    00 00 00 00     ........ ........
    00 00 00 00    00 00 00 00    00 00 00 00    00 00 00 00     ........ ........
    00 00 00 00    00 00 00 00    00 00 00 00    00 00 00 00     ........ ........
    00 00 00 00    00 00 00 00    00 00 00 00    00 00 00 00     ........ ........
    00 00 00 00    00 00 00 00    00 00 00 00    00 00 00 00     ........ ........
    00 00 00 00    00 00 00 00    00 00 00 00    00 00 00 00     ........ ........
    00 00 00 00    00 00 00 00    00 00 00 00    00 00 00 00     ........ ........
    00 00 00 00    00 00 00 00    00 00 00 00    00 00 00 00     ........ ........
    00 00 00 00    00 00 00 00    00 00 00 00    00 00 00 00     ........ ........
    00 00 00 00    00 00 00 00    00 00 00 00    00 00 00 00     ........ ........
    00 00 00 00    00 00 00 00    00 00 00 00    00 00 00 00     ........ ........


---------- Block 783 at 0x0000000007FAC270: 1024000 bytes ----------
  Leak Hash: 0xF621F388, Count: 1, Total 1024000 bytes
  Call Stack (TID 10156):
  Data:
    00 00 00 00    00 00 00 00    00 00 00 00    00 00 00 00     ........ ........
    00 00 00 00    00 00 00 00    00 00 00 00    00 00 00 00     ........ ........
    00 00 00 00    00 00 00 00    00 00 00 00    00 00 00 00     ........ ........
    00 00 00 00    00 00 00 00    00 00 00 00    00 00 00 00     ........ ........
    00 00 00 00    00 00 00 00    00 00 00 00    00 00 00 00     ........ ........
    00 00 00 00    00 00 00 00    00 00 00 00    00 00 00 00     ........ ........
    00 00 00 00    00 00 00 00    00 00 00 00    00 00 00 00     ........ ........
    00 00 00 00    00 00 00 00    00 00 00 00    00 00 00 00     ........ ........
    00 00 00 00    00 00 00 00    00 00 00 00    00 00 00 00     ........ ........
    00 00 00 00    00 00 00 00    00 00 00 00    00 00 00 00     ........ ........
    00 00 00 00    00 00 00 00    00 00 00 00    00 00 00 00     ........ ........
    00 00 00 00    00 00 00 00    00 00 00 00    00 00 00 00     ........ ........
    00 00 00 00    00 00 00 00    00 00 00 00    00 00 00 00     ........ ........
    00 00 00 00    00 00 00 00    00 00 00 00    00 00 00 00     ........ ........
    00 00 00 00    00 00 00 00    00 00 00 00    00 00 00 00     ........ ........
    00 00 00 00    00 00 00 00    00 00 00 00    00 00 00 00     ........ ........


---------- Block 784 at 0x00000000080A62B0: 512000 bytes ----------
  Leak Hash: 0xD23AD29C, Count: 1, Total 512000 bytes
  Call Stack (TID 10156):
  Data:
    00 00 00 00    00 00 00 00    00 00 00 00    00 00 00 00     ........ ........
    00 00 00 00    00 00 00 00    00 00 00 00    00 00 00 00     ........ ........
    00 00 00 00    00 00 00 00    00 00 00 00    00 00 00 00     ........ ........
    00 00 00 00    00 00 00 00    00 00 00 00    00 00 00 00     ........ ........
    00 00 00 00    00 00 00 00    00 00 00 00    00 00 00 00     ........ ........
    00 00 00 00    00 00 00 00    00 00 00 00    00 00 00 00     ........ ........
    00 00 00 00    00 00 00 00    00 00 00 00    00 00 00 00     ........ ........
    00 00 00 00    00 00 00 00    00 00 00 00    00 00 00 00     ........ ........
    00 00 00 00    00 00 00 00    00 00 00 00    00 00 00 00     ........ ........
    00 00 00 00    00 00 00 00    00 00 00 00    00 00 00 00     ........ ........
    00 00 00 00    00 00 00 00    00 00 00 00    00 00 00 00     ........ ........
    00 00 00 00    00 00 00 00    00 00 00 00    00 00 00 00     ........ ........
    00 00 00 00    00 00 00 00    00 00 00 00    00 00 00 00     ........ ........
    00 00 00 00    00 00 00 00    00 00 00 00    00 00 00 00     ........ ........
    00 00 00 00    00 00 00 00    00 00 00 00    00 00 00 00     ........ ........
    00 00 00 00    00 00 00 00    00 00 00 00    00 00 00 00     ........ ........


---------- Block 790 at 0x00000000081232F0: 512000 bytes ----------
  Leak Hash: 0xD23AD29C, Count: 1, Total 512000 bytes
  Call Stack (TID 10156):
  Data:
    00 00 00 00    00 00 00 00    00 00 00 00    00 00 00 00     ........ ........
    00 00 00 00    00 00 00 00    00 00 00 00    00 00 00 00     ........ ........
    00 00 00 00    00 00 00 00    00 00 00 00    00 00 00 00     ........ ........
    00 00 00 00    00 00 00 00    00 00 00 00    00 00 00 00     ........ ........
    00 00 00 00    00 00 00 00    00 00 00 00    00 00 00 00     ........ ........
    00 00 00 00    00 00 00 00    00 00 00 00    00 00 00 00     ........ ........
    00 00 00 00    00 00 00 00    00 00 00 00    00 00 00 00     ........ ........
    00 00 00 00    00 00 00 00    00 00 00 00    00 00 00 00     ........ ........
    00 00 00 00    00 00 00 00    00 00 00 00    00 00 00 00     ........ ........
    00 00 00 00    00 00 00 00    00 00 00 00    00 00 00 00     ........ ........
    00 00 00 00    00 00 00 00    00 00 00 00    00 00 00 00     ........ ........
    00 00 00 00    00 00 00 00    00 00 00 00    00 00 00 00     ........ ........
    00 00 00 00    00 00 00 00    00 00 00 00    00 00 00 00     ........ ........
    00 00 00 00    00 00 00 00    00 00 00 00    00 00 00 00     ........ ........
    00 00 00 00    00 00 00 00    00 00 00 00    00 00 00 00     ........ ........
    00 00 00 00    00 00 00 00    00 00 00 00    00 00 00 00     ........ ........


---------- Block 789 at 0x00000000082CA0F0: 1024000 bytes ----------
  Leak Hash: 0xF621F388, Count: 1, Total 1024000 bytes
  Call Stack (TID 10156):
  Data:
    00 00 00 00    00 00 00 00    00 00 00 00    00 00 00 00     ........ ........
    00 00 00 00    00 00 00 00    00 00 00 00    00 00 00 00     ........ ........
    00 00 00 00    00 00 00 00    00 00 00 00    00 00 00 00     ........ ........
    00 00 00 00    00 00 00 00    00 00 00 00    00 00 00 00     ........ ........
    00 00 00 00    00 00 00 00    00 00 00 00    00 00 00 00     ........ ........
    00 00 00 00    00 00 00 00    00 00 00 00    00 00 00 00     ........ ........
    00 00 00 00    00 00 00 00    00 00 00 00    00 00 00 00     ........ ........
    00 00 00 00    00 00 00 00    00 00 00 00    00 00 00 00     ........ ........
    00 00 00 00    00 00 00 00    00 00 00 00    00 00 00 00     ........ ........
    00 00 00 00    00 00 00 00    00 00 00 00    00 00 00 00     ........ ........
    00 00 00 00    00 00 00 00    00 00 00 00    00 00 00 00     ........ ........
    00 00 00 00    00 00 00 00    00 00 00 00    00 00 00 00     ........ ........
    00 00 00 00    00 00 00 00    00 00 00 00    00 00 00 00     ........ ........
    00 00 00 00    00 00 00 00    00 00 00 00    00 00 00 00     ........ ........
    00 00 00 00    00 00 00 00    00 00 00 00    00 00 00 00     ........ ........
    00 00 00 00    00 00 00 00    00 00 00 00    00 00 00 00     ........ ........


---------- Block 795 at 0x00000000084BE170: 1024000 bytes ----------
  Leak Hash: 0xF621F388, Count: 1, Total 1024000 bytes
  Call Stack (TID 10156):
  Data:
    00 00 00 00    00 00 00 00    00 00 00 00    00 00 00 00     ........ ........
    00 00 00 00    00 00 00 00    00 00 00 00    00 00 00 00     ........ ........
    00 00 00 00    00 00 00 00    00 00 00 00    00 00 00 00     ........ ........
    00 00 00 00    00 00 00 00    00 00 00 00    00 00 00 00     ........ ........
    00 00 00 00    00 00 00 00    00 00 00 00    00 00 00 00     ........ ........
    00 00 00 00    00 00 00 00    00 00 00 00    00 00 00 00     ........ ........
    00 00 00 00    00 00 00 00    00 00 00 00    00 00 00 00     ........ ........
    00 00 00 00    00 00 00 00    00 00 00 00    00 00 00 00     ........ ........
    00 00 00 00    00 00 00 00    00 00 00 00    00 00 00 00     ........ ........
    00 00 00 00    00 00 00 00    00 00 00 00    00 00 00 00     ........ ........
    00 00 00 00    00 00 00 00    00 00 00 00    00 00 00 00     ........ ........
    00 00 00 00    00 00 00 00    00 00 00 00    00 00 00 00     ........ ........
    00 00 00 00    00 00 00 00    00 00 00 00    00 00 00 00     ........ ........
    00 00 00 00    00 00 00 00    00 00 00 00    00 00 00 00     ........ ........
    00 00 00 00    00 00 00 00    00 00 00 00    00 00 00 00     ........ ........
    00 00 00 00    00 00 00 00    00 00 00 00    00 00 00 00     ........ ........


---------- Block 796 at 0x00000000085B81B0: 512000 bytes ----------
  Leak Hash: 0xD23AD29C, Count: 1, Total 512000 bytes
  Call Stack (TID 10156):
  Data:
    00 00 00 00    00 00 00 00    00 00 00 00    00 00 00 00     ........ ........
    00 00 00 00    00 00 00 00    00 00 00 00    00 00 00 00     ........ ........
    00 00 00 00    00 00 00 00    00 00 00 00    00 00 00 00     ........ ........
    00 00 00 00    00 00 00 00    00 00 00 00    00 00 00 00     ........ ........
    00 00 00 00    00 00 00 00    00 00 00 00    00 00 00 00     ........ ........
    00 00 00 00    00 00 00 00    00 00 00 00    00 00 00 00     ........ ........
    00 00 00 00    00 00 00 00    00 00 00 00    00 00 00 00     ........ ........
    00 00 00 00    00 00 00 00    00 00 00 00    00 00 00 00     ........ ........
    00 00 00 00    00 00 00 00    00 00 00 00    00 00 00 00     ........ ........
    00 00 00 00    00 00 00 00    00 00 00 00    00 00 00 00     ........ ........
    00 00 00 00    00 00 00 00    00 00 00 00    00 00 00 00     ........ ........
    00 00 00 00    00 00 00 00    00 00 00 00    00 00 00 00     ........ ........
    00 00 00 00    00 00 00 00    00 00 00 00    00 00 00 00     ........ ........
    00 00 00 00    00 00 00 00    00 00 00 00    00 00 00 00     ........ ........
    00 00 00 00    00 00 00 00    00 00 00 00    00 00 00 00     ........ ........
    00 00 00 00    00 00 00 00    00 00 00 00    00 00 00 00     ........ ........


---------- Block 801 at 0x00000000089232B0: 1024000 bytes ----------
  Leak Hash: 0xF621F388, Count: 1, Total 1024000 bytes
  Call Stack (TID 10156):
  Data:
    00 00 00 00    00 00 00 00    00 00 00 00    00 00 00 00     ........ ........
    00 00 00 00    00 00 00 00    00 00 00 00    00 00 00 00     ........ ........
    00 00 00 00    00 00 00 00    00 00 00 00    00 00 00 00     ........ ........
    00 00 00 00    00 00 00 00    00 00 00 00    00 00 00 00     ........ ........
    00 00 00 00    00 00 00 00    00 00 00 00    00 00 00 00     ........ ........
    00 00 00 00    00 00 00 00    00 00 00 00    00 00 00 00     ........ ........
    00 00 00 00    00 00 00 00    00 00 00 00    00 00 00 00     ........ ........
    00 00 00 00    00 00 00 00    00 00 00 00    00 00 00 00     ........ ........
    00 00 00 00    00 00 00 00    00 00 00 00    00 00 00 00     ........ ........
    00 00 00 00    00 00 00 00    00 00 00 00    00 00 00 00     ........ ........
    00 00 00 00    00 00 00 00    00 00 00 00    00 00 00 00     ........ ........
    00 00 00 00    00 00 00 00    00 00 00 00    00 00 00 00     ........ ........
    00 00 00 00    00 00 00 00    00 00 00 00    00 00 00 00     ........ ........
    00 00 00 00    00 00 00 00    00 00 00 00    00 00 00 00     ........ ........
    00 00 00 00    00 00 00 00    00 00 00 00    00 00 00 00     ........ ........
    00 00 00 00    00 00 00 00    00 00 00 00    00 00 00 00     ........ ........


---------- Block 802 at 0x0000000008A1D2F0: 512000 bytes ----------
  Leak Hash: 0xD23AD29C, Count: 1, Total 512000 bytes
  Call Stack (TID 10156):
  Data:
    00 00 00 00    00 00 00 00    00 00 00 00    00 00 00 00     ........ ........
    00 00 00 00    00 00 00 00    00 00 00 00    00 00 00 00     ........ ........
    00 00 00 00    00 00 00 00    00 00 00 00    00 00 00 00     ........ ........
    00 00 00 00    00 00 00 00    00 00 00 00    00 00 00 00     ........ ........
    00 00 00 00    00 00 00 00    00 00 00 00    00 00 00 00     ........ ........
    00 00 00 00    00 00 00 00    00 00 00 00    00 00 00 00     ........ ........
    00 00 00 00    00 00 00 00    00 00 00 00    00 00 00 00     ........ ........
    00 00 00 00    00 00 00 00    00 00 00 00    00 00 00 00     ........ ........
    00 00 00 00    00 00 00 00    00 00 00 00    00 00 00 00     ........ ........
    00 00 00 00    00 00 00 00    00 00 00 00    00 00 00 00     ........ ........
    00 00 00 00    00 00 00 00    00 00 00 00    00 00 00 00     ........ ........
    00 00 00 00    00 00 00 00    00 00 00 00    00 00 00 00     ........ ........
    00 00 00 00    00 00 00 00    00 00 00 00    00 00 00 00     ........ ........
    00 00 00 00    00 00 00 00    00 00 00 00    00 00 00 00     ........ ........
    00 00 00 00    00 00 00 00    00 00 00 00    00 00 00 00     ........ ........
    00 00 00 00    00 00 00 00    00 00 00 00    00 00 00 00     ........ ........


---------- Block 807 at 0x0000000008D883F0: 1024000 bytes ----------
  Leak Hash: 0xF621F388, Count: 1, Total 1024000 bytes
  Call Stack (TID 10156):
  Data:
    00 00 00 00    00 00 00 00    00 00 00 00    00 00 00 00     ........ ........
    00 00 00 00    00 00 00 00    00 00 00 00    00 00 00 00     ........ ........
    00 00 00 00    00 00 00 00    00 00 00 00    00 00 00 00     ........ ........
    00 00 00 00    00 00 00 00    00 00 00 00    00 00 00 00     ........ ........
    00 00 00 00    00 00 00 00    00 00 00 00    00 00 00 00     ........ ........
    00 00 00 00    00 00 00 00    00 00 00 00    00 00 00 00     ........ ........
    00 00 00 00    00 00 00 00    00 00 00 00    00 00 00 00     ........ ........
    00 00 00 00    00 00 00 00    00 00 00 00    00 00 00 00     ........ ........
    00 00 00 00    00 00 00 00    00 00 00 00    00 00 00 00     ........ ........
    00 00 00 00    00 00 00 00    00 00 00 00    00 00 00 00     ........ ........
    00 00 00 00    00 00 00 00    00 00 00 00    00 00 00 00     ........ ........
    00 00 00 00    00 00 00 00    00 00 00 00    00 00 00 00     ........ ........
    00 00 00 00    00 00 00 00    00 00 00 00    00 00 00 00     ........ ........
    00 00 00 00    00 00 00 00    00 00 00 00    00 00 00 00     ........ ........
    00 00 00 00    00 00 00 00    00 00 00 00    00 00 00 00     ........ ........
    00 00 00 00    00 00 00 00    00 00 00 00    00 00 00 00     ........ ........


---------- Block 808 at 0x0000000008E82430: 512000 bytes ----------
  Leak Hash: 0xD23AD29C, Count: 1, Total 512000 bytes
  Call Stack (TID 10156):
  Data:
    00 00 00 00    00 00 00 00    00 00 00 00    00 00 00 00     ........ ........
    00 00 00 00    00 00 00 00    00 00 00 00    00 00 00 00     ........ ........
    00 00 00 00    00 00 00 00    00 00 00 00    00 00 00 00     ........ ........
    00 00 00 00    00 00 00 00    00 00 00 00    00 00 00 00     ........ ........
    00 00 00 00    00 00 00 00    00 00 00 00    00 00 00 00     ........ ........
    00 00 00 00    00 00 00 00    00 00 00 00    00 00 00 00     ........ ........
    00 00 00 00    00 00 00 00    00 00 00 00    00 00 00 00     ........ ........
    00 00 00 00    00 00 00 00    00 00 00 00    00 00 00 00     ........ ........
    00 00 00 00    00 00 00 00    00 00 00 00    00 00 00 00     ........ ........
    00 00 00 00    00 00 00 00    00 00 00 00    00 00 00 00     ........ ........
    00 00 00 00    00 00 00 00    00 00 00 00    00 00 00 00     ........ ........
    00 00 00 00    00 00 00 00    00 00 00 00    00 00 00 00     ........ ........
    00 00 00 00    00 00 00 00    00 00 00 00    00 00 00 00     ........ ........
    00 00 00 00    00 00 00 00    00 00 00 00    00 00 00 00     ........ ........
    00 00 00 00    00 00 00 00    00 00 00 00    00 00 00 00     ........ ........
    00 00 00 00    00 00 00 00    00 00 00 00    00 00 00 00     ........ ........


---------- Block 814 at 0x00000000090F34F0: 512000 bytes ----------
  Leak Hash: 0xD23AD29C, Count: 1, Total 512000 bytes
  Call Stack (TID 10156):
  Data:
    00 00 00 00    00 00 00 00    00 00 00 00    00 00 00 00     ........ ........
    00 00 00 00    00 00 00 00    00 00 00 00    00 00 00 00     ........ ........
    00 00 00 00    00 00 00 00    00 00 00 00    00 00 00 00     ........ ........
    00 00 00 00    00 00 00 00    00 00 00 00    00 00 00 00     ........ ........
    00 00 00 00    00 00 00 00    00 00 00 00    00 00 00 00     ........ ........
    00 00 00 00    00 00 00 00    00 00 00 00    00 00 00 00     ........ ........
    00 00 00 00    00 00 00 00    00 00 00 00    00 00 00 00     ........ ........
    00 00 00 00    00 00 00 00    00 00 00 00    00 00 00 00     ........ ........
    00 00 00 00    00 00 00 00    00 00 00 00    00 00 00 00     ........ ........
    00 00 00 00    00 00 00 00    00 00 00 00    00 00 00 00     ........ ........
    00 00 00 00    00 00 00 00    00 00 00 00    00 00 00 00     ........ ........
    00 00 00 00    00 00 00 00    00 00 00 00    00 00 00 00     ........ ........
    00 00 00 00    00 00 00 00    00 00 00 00    00 00 00 00     ........ ........
    00 00 00 00    00 00 00 00    00 00 00 00    00 00 00 00     ........ ........
    00 00 00 00    00 00 00 00    00 00 00 00    00 00 00 00     ........ ........
    00 00 00 00    00 00 00 00    00 00 00 00    00 00 00 00     ........ ........


---------- Block 813 at 0x000000000929A0F0: 1024000 bytes ----------
  Leak Hash: 0xF621F388, Count: 1, Total 1024000 bytes
  Call Stack (TID 10156):
  Data:
    00 00 00 00    00 00 00 00    00 00 00 00    00 00 00 00     ........ ........
    00 00 00 00    00 00 00 00    00 00 00 00    00 00 00 00     ........ ........
    00 00 00 00    00 00 00 00    00 00 00 00    00 00 00 00     ........ ........
    00 00 00 00    00 00 00 00    00 00 00 00    00 00 00 00     ........ ........
    00 00 00 00    00 00 00 00    00 00 00 00    00 00 00 00     ........ ........
    00 00 00 00    00 00 00 00    00 00 00 00    00 00 00 00     ........ ........
    00 00 00 00    00 00 00 00    00 00 00 00    00 00 00 00     ........ ........
    00 00 00 00    00 00 00 00    00 00 00 00    00 00 00 00     ........ ........
    00 00 00 00    00 00 00 00    00 00 00 00    00 00 00 00     ........ ........
    00 00 00 00    00 00 00 00    00 00 00 00    00 00 00 00     ........ ........
    00 00 00 00    00 00 00 00    00 00 00 00    00 00 00 00     ........ ........
    00 00 00 00    00 00 00 00    00 00 00 00    00 00 00 00     ........ ........
    00 00 00 00    00 00 00 00    00 00 00 00    00 00 00 00     ........ ........
    00 00 00 00    00 00 00 00    00 00 00 00    00 00 00 00     ........ ........
    00 00 00 00    00 00 00 00    00 00 00 00    00 00 00 00     ........ ........
    00 00 00 00    00 00 00 00    00 00 00 00    00 00 00 00     ........ ........


---------- Block 819 at 0x00000000096821F0: 1024000 bytes ----------
  Leak Hash: 0xF621F388, Count: 1, Total 1024000 bytes
  Call Stack (TID 10156):
  Data:
    00 00 00 00    00 00 00 00    00 00 00 00    00 00 00 00     ........ ........
    00 00 00 00    00 00 00 00    00 00 00 00    00 00 00 00     ........ ........
    00 00 00 00    00 00 00 00    00 00 00 00    00 00 00 00     ........ ........
    00 00 00 00    00 00 00 00    00 00 00 00    00 00 00 00     ........ ........
    00 00 00 00    00 00 00 00    00 00 00 00    00 00 00 00     ........ ........
    00 00 00 00    00 00 00 00    00 00 00 00    00 00 00 00     ........ ........
    00 00 00 00    00 00 00 00    00 00 00 00    00 00 00 00     ........ ........
    00 00 00 00    00 00 00 00    00 00 00 00    00 00 00 00     ........ ........
    00 00 00 00    00 00 00 00    00 00 00 00    00 00 00 00     ........ ........
    00 00 00 00    00 00 00 00    00 00 00 00    00 00 00 00     ........ ........
    00 00 00 00    00 00 00 00    00 00 00 00    00 00 00 00     ........ ........
    00 00 00 00    00 00 00 00    00 00 00 00    00 00 00 00     ........ ........
    00 00 00 00    00 00 00 00    00 00 00 00    00 00 00 00     ........ ........
    00 00 00 00    00 00 00 00    00 00 00 00    00 00 00 00     ........ ........
    00 00 00 00    00 00 00 00    00 00 00 00    00 00 00 00     ........ ........
    00 00 00 00    00 00 00 00    00 00 00 00    00 00 00 00     ........ ........


---------- Block 820 at 0x000000000977C230: 512000 bytes ----------
  Leak Hash: 0xD23AD29C, Count: 1, Total 512000 bytes
  Call Stack (TID 10156):
  Data:
    00 00 00 00    00 00 00 00    00 00 00 00    00 00 00 00     ........ ........
    00 00 00 00    00 00 00 00    00 00 00 00    00 00 00 00     ........ ........
    00 00 00 00    00 00 00 00    00 00 00 00    00 00 00 00     ........ ........
    00 00 00 00    00 00 00 00    00 00 00 00    00 00 00 00     ........ ........
    00 00 00 00    00 00 00 00    00 00 00 00    00 00 00 00     ........ ........
    00 00 00 00    00 00 00 00    00 00 00 00    00 00 00 00     ........ ........
    00 00 00 00    00 00 00 00    00 00 00 00    00 00 00 00     ........ ........
    00 00 00 00    00 00 00 00    00 00 00 00    00 00 00 00     ........ ........
    00 00 00 00    00 00 00 00    00 00 00 00    00 00 00 00     ........ ........
    00 00 00 00    00 00 00 00    00 00 00 00    00 00 00 00     ........ ........
    00 00 00 00    00 00 00 00    00 00 00 00    00 00 00 00     ........ ........
    00 00 00 00    00 00 00 00    00 00 00 00    00 00 00 00     ........ ........
    00 00 00 00    00 00 00 00    00 00 00 00    00 00 00 00     ........ ........
    00 00 00 00    00 00 00 00    00 00 00 00    00 00 00 00     ........ ........
    00 00 00 00    00 00 00 00    00 00 00 00    00 00 00 00     ........ ........
    00 00 00 00    00 00 00 00    00 00 00 00    00 00 00 00     ........ ........


---------- Block 902 at 0x0000000009AE7330: 1024000 bytes ----------
  Leak Hash: 0xF621F388, Count: 1, Total 1024000 bytes
  Call Stack (TID 10156):
  Data:
    00 00 00 00    00 00 00 00    00 00 00 00    00 00 00 00     ........ ........
    00 00 00 00    00 00 00 00    00 00 00 00    00 00 00 00     ........ ........
    00 00 00 00    00 00 00 00    00 00 00 00    00 00 00 00     ........ ........
    00 00 00 00    00 00 00 00    00 00 00 00    00 00 00 00     ........ ........
    00 00 00 00    00 00 00 00    00 00 00 00    00 00 00 00     ........ ........
    00 00 00 00    00 00 00 00    00 00 00 00    00 00 00 00     ........ ........
    00 00 00 00    00 00 00 00    00 00 00 00    00 00 00 00     ........ ........
    00 00 00 00    00 00 00 00    00 00 00 00    00 00 00 00     ........ ........
    00 00 00 00    00 00 00 00    00 00 00 00    00 00 00 00     ........ ........
    00 00 00 00    00 00 00 00    00 00 00 00    00 00 00 00     ........ ........
    00 00 00 00    00 00 00 00    00 00 00 00    00 00 00 00     ........ ........
    00 00 00 00    00 00 00 00    00 00 00 00    00 00 00 00     ........ ........
    00 00 00 00    00 00 00 00    00 00 00 00    00 00 00 00     ........ ........
    00 00 00 00    00 00 00 00    00 00 00 00    00 00 00 00     ........ ........
    00 00 00 00    00 00 00 00    00 00 00 00    00 00 00 00     ........ ........
    00 00 00 00    00 00 00 00    00 00 00 00    00 00 00 00     ........ ........


---------- Block 903 at 0x0000000009BE1370: 512000 bytes ----------
  Leak Hash: 0xD23AD29C, Count: 1, Total 512000 bytes
  Call Stack (TID 10156):
  Data:
    00 00 00 00    00 00 00 00    00 00 00 00    00 00 00 00     ........ ........
    00 00 00 00    00 00 00 00    00 00 00 00    00 00 00 00     ........ ........
    00 00 00 00    00 00 00 00    00 00 00 00    00 00 00 00     ........ ........
    00 00 00 00    00 00 00 00    00 00 00 00    00 00 00 00     ........ ........
    00 00 00 00    00 00 00 00    00 00 00 00    00 00 00 00     ........ ........
    00 00 00 00    00 00 00 00    00 00 00 00    00 00 00 00     ........ ........
    00 00 00 00    00 00 00 00    00 00 00 00    00 00 00 00     ........ ........
    00 00 00 00    00 00 00 00    00 00 00 00    00 00 00 00     ........ ........
    00 00 00 00    00 00 00 00    00 00 00 00    00 00 00 00     ........ ........
    00 00 00 00    00 00 00 00    00 00 00 00    00 00 00 00     ........ ........
    00 00 00 00    00 00 00 00    00 00 00 00    00 00 00 00     ........ ........
    00 00 00 00    00 00 00 00    00 00 00 00    00 00 00 00     ........ ........
    00 00 00 00    00 00 00 00    00 00 00 00    00 00 00 00     ........ ........
    00 00 00 00    00 00 00 00    00 00 00 00    00 00 00 00     ........ ........
    00 00 00 00    00 00 00 00    00 00 00 00    00 00 00 00     ........ ........
    00 00 00 00    00 00 00 00    00 00 00 00    00 00 00 00     ........ ........


Visual Leak Detector detected 23 memory leaks (16897332 bytes).
Largest number used: 16949832 bytes.
Total allocations: 17164679 bytes.
Visual Leak Detector is now exiting.
